小于60的
15.36 ,14.29 ,14.05 ,13.62 ,13.28 ,12.66 ,13.65 ,13.71 ,12.76 ,10.83 ,11.38 ,11.39 ,11.77 ,10.70 ,10.67 ,11.48 ,9.86 ,10.38 ,10.51 ,10.33 ,10.47 ,10.27 ,10.37 ,10.27 ,10.20 ,10.51 ,10.85 ,11.30 ,11.53 ,9.90 ,11.61 ,10.64 

925.33 ,956.99 ,957.70 ,966.85 ,972.93 ,985.96 ,953.02 ,945.63 ,964.93 ,1013.79 ,994.61 ,993.71 ,981.15 ,1000.39 ,997.97 ,971.11 ,1010.85 ,994.61 ,991.09 ,993.33 ,987.91 ,994.22 ,993.11 ,994.22 ,995.43 ,986.13 ,975.18 ,956.27 ,947.47 ,990.01 ,931.62 ,954.23 

大于60的

17.50 ,18.84 ,18.56 ,16.39 ,15.99 ,16.22 ,15.04 ,16.13 ,15.35 ,15.13 ,14.34 ,13.16 ,12.81 ,14.87 ,14.87 ,14.83 ,14.20 ,14.46 ,12.46 ,12.39 ,13.37 ,15.65 ,13.87 ,13.49 ,13.44 ,15.49 ,13.65 ,13.60 ,13.51 ,12.91 ,11.80 ,11.93 

893.02 ,867.74 ,876.88 ,918.53 ,917.74 ,913.40 ,927.28 ,904.68 ,915.70 ,915.35 ,927.63 ,947.33 ,945.80 ,904.51 ,904.51 ,902.56 ,916.03 ,908.71 ,943.13 ,942.16 ,924.96 ,884.06 ,914.54 ,922.51 ,923.82 ,885.92 ,917.87 ,918.39 ,914.79 ,920.00 ,932.96 ,922.06 

git@git.ustclug.org:Robot/Robot_V2_ARM.git

git@git.ustclug.org:likefxz2009/fxz.git